2 2
2 3
2 4
2 5
2 7
2 8
2 9
2 12
2 13
2 14
2 16
2 17
2 18
2 19
3 2
3 3
3 4
3 5
3 7
3 8
3 9
3 12
3 13
3 14
3 16
3 17
3 18
3 19
5 2
5 3
5 4
5 5
5 7
5 8
5 9
5 12
5 13
5 14
5 16
5 17
5 18
5 19
6 2
6 3
6 4
6 5
6 7
6 8
6 9
6 12
6 13
6 14
6 16
6 17
6 18
6 19
8 2
8 3
8 4
8 5
8 7
8 8
8 9
8 12
8 13
8 14
8 16
8 17
8 18
8 19
9 2
9 3
9 4
9 5
9 7
9 8
9 9
9 12
9 13
9 14
9 16
9 17
9 18
9 19
12 2
12 3
12 4
12 5
12 7
12 8
12 9
12 12
12 13
12 14
12 16
12 17
12 18
12 19
13 2
13 3
13 4
13 5
13 7
13 8
13 9
13 12
13 13
13 14
13 16
13 17
13 18
13 19
15 2
15 3
15 4
15 5
15 7
15 8
15 9
15 12
15 13
15 14
15 16
15 17
15 18
15 19
16 2
16 3
16 4
16 5
16 7
16 8
16 9
16 12
16 13
16 14
16 16
16 17
16 18
16 19
18 2
18 3
18 4
18 5
18 7
18 8
18 9
18 12
18 13
18 14
18 16
18 17
18 18
18 19
19 2
19 3
19 4
19 5
19 7
19 8
19 9
19 12
19 13
19 14
19 16
19 17
19 18
19 19
21 18
22 18
23 18
24 18
25 18
26 18
21 19
22 19
23 19
24 19
25 19
26 19
28 2
29 2
30 2
31 2
32 2
28 3
29 3
30 3
31 3
32 3
34 2
35 2
34 3
35 3
34 4
35 4
34 5
35 5
34 6
35 6
29 9
30 9
29 10
30 10
29 11
30 11
29 13
30 13
29 14
30 14
29 15
30 15
29 17
30 17
29 18
30 18
29 19
30 19
33 9
34 9
35 9
33 10
34 10
35 10
33 12
34 12
35 12
33 13
34 13
35 13
33 15
34 15
35 15
33 16
34 16
35 16
33 18
34 18
35 18
33 19
34 19
35 19
